20 1 5 5
0 0 0 0 -0.040479
1 0 0 0 0.0267095
2 0 0 0 0.114664
3 0 0 0 0.464213
4 0 0 0 0.283723
0 1 0 0 0.175434
1 1 0 0 0.2233
2 1 0 0 0.333647
3 1 0 0 0.439216
4 1 0 0 0.408513
0 2 0 0 0.314858
1 2 0 0 0.0941325
2 2 0 0 -0.171181
3 2 0 0 -0.167681
4 2 0 0 -0.233111
0 3 0 0 -0.143283
1 3 0 0 0.062717
2 3 0 0 -0.248527
3 3 0 0 -0.012405
4 3 0 0 -0.236612
0 4 0 0 -0.255744
1 4 0 0 -0.35888
2 4 0 0 -0.0995687
3 4 0 0 -0.0953257
4 4 0 0 0.226335
0 0 0 1 0.167675
1 0 0 1 0.0346995
2 0 0 1 0.0741652
3 0 0 1 -0.292733
4 0 0 1 -0.262253
0 1 0 1 -0.000172898
1 1 0 1 0.234039
2 1 0 1 -0.211191
3 1 0 1 -0.345131
4 1 0 1 -0.406761
0 2 0 1 -0.0394499
1 2 0 1 0.121818
2 2 0 1 0.232772
3 2 0 1 0.192843
4 2 0 1 -0.0744152
0 3 0 1 0.108643
1 3 0 1 0.10006
2 3 0 1 -0.134349
3 3 0 1 0.247153
4 3 0 1 -0.0180841
0 4 0 1 -0.237846
1 4 0 1 -0.25923
2 4 0 1 0.0962662
3 4 0 1 -0.0598194
4 4 0 1 0.0231578
0 0 0 2 -0.120163
1 0 0 2 -0.101453
2 0 0 2 -0.373759
3 0 0 2 -0.342052
4 0 0 2 -0.372956
0 1 0 2 0.0109266
1 1 0 2 0.178972
2 1 0 2 -0.0618618
3 1 0 2 -0.186579
4 1 0 2 -0.0674772
0 2 0 2 0.283518
1 2 0 2 0.355565
2 2 0 2 -0.132817
3 2 0 2 0.0157201
4 2 0 2 0.275827
0 3 0 2 -0.184306
1 3 0 2 0.423503
2 3 0 2 0.47027
3 3 0 2 0.248365
4 3 0 2 0.095804
0 4 0 2 -0.155695
1 4 0 2 0.190317
2 4 0 2 0.139553
3 4 0 2 0.179173
4 4 0 2 -0.0815546
0 0 0 3 -0.201572
1 0 0 3 0.122659
2 0 0 3 0.0325185
3 0 0 3 -0.156645
4 0 0 3 -0.219877
0 1 0 3 -0.257012
1 1 0 3 0.0643132
2 1 0 3 -0.175712
3 1 0 3 -0.0896769
4 1 0 3 -0.204417
0 2 0 3 -0.325038
1 2 0 3 -0.362532
2 2 0 3 -0.312659
3 2 0 3 -0.0013461
4 2 0 3 0.0930547
0 3 0 3 -0.283838
1 3 0 3 -0.0593982
2 3 0 3 0.0265959
3 3 0 3 0.152379
4 3 0 3 0.340788
0 4 0 3 0.0295706
1 4 0 3 -0.185377
2 4 0 3 -0.106403
3 4 0 3 0.0301635
4 4 0 3 0.257736
0 0 0 4 -0.0622139
1 0 0 4 -0.15491
2 0 0 4 0.144127
3 0 0 4 -0.0153708
4 0 0 4 0.19058
0 1 0 4 -0.239279
1 1 0 4 -0.0343866
2 1 0 4 0.0332182
3 1 0 4 0.224057
4 1 0 4 -0.1712
0 2 0 4 -0.103871
1 2 0 4 0.0621728
2 2 0 4 -0.00453297
3 2 0 4 -0.281902
4 2 0 4 0.153707
0 3 0 4 -0.17875
1 3 0 4 0.0235142
2 3 0 4 -0.191222
3 3 0 4 -0.0033899
4 3 0 4 0.044599
0 4 0 4 -0.0261157
1 4 0 4 -0.067155
2 4 0 4 0.088988
3 4 0 4 -0.148714
4 4 0 4 -0.0652038
0 0 0 5 -0.0993696
1 0 0 5 -0.32671
2 0 0 5 -0.26301
3 0 0 5 -0.0382915
4 0 0 5 0.27677
0 1 0 5 -0.142867
1 1 0 5 -0.107599
2 1 0 5 -0.105891
3 1 0 5 -0.0172282
4 1 0 5 -0.0554115
0 2 0 5 0.200708
1 2 0 5 -0.237635
2 2 0 5 -0.0849416
3 2 0 5 0.348237
4 2 0 5 0.227055
0 3 0 5 0.063095
1 3 0 5 0.024411
2 3 0 5 0.205319
3 3 0 5 0.0873564
4 3 0 5 -0.0848108
0 4 0 5 -0.1101
1 4 0 5 -0.205704
2 4 0 5 -0.0698749
3 4 0 5 0.0667053
4 4 0 5 -0.179982
0 0 0 6 0.00559754
1 0 0 6 0.050994
2 0 0 6 -0.238068
3 0 0 6 -0.115701
4 0 0 6 -0.272206
0 1 0 6 0.366366
1 1 0 6 0.303181
2 1 0 6 -0.017211
3 1 0 6 0.0682713
4 1 0 6 0.0621326
0 2 0 6 0.159313
1 2 0 6 0.391307
2 2 0 6 0.459877
3 2 0 6 0.0978813
4 2 0 6 0.294059
0 3 0 6 -0.088098
1 3 0 6 0.0893516
2 3 0 6 -0.112627
3 3 0 6 0.132272
4 3 0 6 -0.102466
0 4 0 6 -0.157052
1 4 0 6 -0.128908
2 4 0 6 0.120312
3 4 0 6 -0.11817
4 4 0 6 0.0840779
0 0 0 7 0.274033
1 0 0 7 0.290553
2 0 0 7 0.141422
3 0 0 7 0.286298
4 0 0 7 0.280367
0 1 0 7 0.0829794
1 1 0 7 0.0789243
2 1 0 7 0.171937
3 1 0 7 0.0597951
4 1 0 7 0.148024
0 2 0 7 -0.327323
1 2 0 7 -0.255361
2 2 0 7 -0.34464
3 2 0 7 -0.203594
4 2 0 7 -0.00783822
0 3 0 7 -0.0639971
1 3 0 7 -0.0403682
2 3 0 7 -0.0702679
3 3 0 7 -0.0748065
4 3 0 7 -0.276071
0 4 0 7 0.0376248
1 4 0 7 -0.0252631
2 4 0 7 -0.0599675
3 4 0 7 0.208749
4 4 0 7 0.080602
0 0 0 8 0.360828
1 0 0 8 0.290695
2 0 0 8 -0.109449
3 0 0 8 -0.0410321
4 0 0 8 0.321294
0 1 0 8 0.402813
1 1 0 8 0.318888
2 1 0 8 0.178037
3 1 0 8 0.0638384
4 1 0 8 0.102366
0 2 0 8 0.210464
1 2 0 8 0.389348
2 2 0 8 -0.0425932
3 2 0 8 -0.0760969
4 2 0 8 -0.201588
0 3 0 8 0.0542969
1 3 0 8 0.0943397
2 3 0 8 -0.0644104
3 3 0 8 -0.166066
4 3 0 8 -0.303545
0 4 0 8 0.068806
1 4 0 8 -0.0379274
2 4 0 8 0.192957
3 4 0 8 -0.053317
4 4 0 8 -0.329027
0 0 0 9 -0.0179678
1 0 0 9 0.196865
2 0 0 9 0.106122
3 0 0 9 0.0619493
4 0 0 9 0.0911339
0 1 0 9 -0.343523
1 1 0 9 0.0538931
2 1 0 9 0.0251748
3 1 0 9 0.277339
4 1 0 9 0.349519
0 2 0 9 -0.357902
1 2 0 9 -0.164131
2 2 0 9 0.0655748
3 2 0 9 0.316584
4 2 0 9 0.502605
0 3 0 9 -0.389622
1 3 0 9 -0.420213
2 3 0 9 -0.106538
3 3 0 9 0.580243
4 3 0 9 0.452294
0 4 0 9 -0.256123
1 4 0 9 -0.342727
2 4 0 9 -0.0106618
3 4 0 9 0.474496
4 4 0 9 0.395933
0 0 0 10 -0.111467
1 0 0 10 -0.260625
2 0 0 10 -0.0344075
3 0 0 10 -0.215859
4 0 0 10 0.15566
0 1 0 10 -0.169561
1 1 0 10 0.0127441
2 1 0 10 -0.102105
3 1 0 10 0.249526
4 1 0 10 0.183063
0 2 0 10 -0.0795037
1 2 0 10 0.26914
2 2 0 10 0.394661
3 2 0 10 0.130543
4 2 0 10 -0.00812361
0 3 0 10 0.363055
1 3 0 10 0.207004
2 3 0 10 0.0830555
3 3 0 10 -0.167514
4 3 0 10 0.0650423
0 4 0 10 -0.146352
1 4 0 10 0.313456
2 4 0 10 0.366745
3 4 0 10 0.227845
4 4 0 10 0.181553
0 0 0 11 -0.334618
1 0 0 11 -0.25171
2 0 0 11 -0.268193
3 0 0 11 0.151176
4 0 0 11 -0.102799
0 1 0 11 -0.357466
1 1 0 11 -0.380633
2 1 0 11 -0.146636
3 1 0 11 -0.312749
4 1 0 11 -0.218651
0 2 0 11 -0.409981
1 2 0 11 -0.333571
2 2 0 11 -0.442189
3 2 0 11 -0.418474
4 2 0 11 0.13537
0 3 0 11 -0.113444
1 3 0 11 -0.126204
2 3 0 11 -0.322226
3 3 0 11 -0.0609204
4 3 0 11 0.0659709
0 4 0 11 0.264236
1 4 0 11 0.00431872
2 4 0 11 -0.00921487
3 4 0 11 0.159956
4 4 0 11 -0.0951947
0 0 0 12 -0.170477
1 0 0 12 -0.0774474
2 0 0 12 0.163945
3 0 0 12 -0.0693633
4 0 0 12 0.0637935
0 1 0 12 0.00753897
1 1 0 12 0.078728
2 1 0 12 0.438153
3 1 0 12 0.28605
4 1 0 12 0.335339
0 2 0 12 0.143258
1 2 0 12 0.160375
2 2 0 12 0.0729649
3 2 0 12 0.103359
4 2 0 12 0.253201
0 3 0 12 0.0953928
1 3 0 12 -0.246869
2 3 0 12 -0.0637027
3 3 0 12 0.126161
4 3 0 12 -0.213792
0 4 0 12 -0.303615
1 4 0 12 -0.369906
2 4 0 12 -0.174241
3 4 0 12 -0.176592
4 4 0 12 -0.168689
0 0 0 13 -0.192531
1 0 0 13 -0.00662996
2 0 0 13 0.0810772
3 0 0 13 0.255406
4 0 0 13 -0.0442836
0 1 0 13 0.110562
1 1 0 13 0.340902
2 1 0 13 0.196267
3 1 0 13 0.278644
4 1 0 13 0.332669
0 2 0 13 0.335333
1 2 0 13 0.0233251
2 2 0 13 0.0423815
3 2 0 13 0.160481
4 2 0 13 0.380899
0 3 0 13 0.0255727
1 3 0 13 -0.00309513
2 3 0 13 -0.230194
3 3 0 13 -0.19276
4 3 0 13 -0.234002
0 4 0 13 -0.16727
1 4 0 13 0.147502
2 4 0 13 -0.0751612
3 4 0 13 -0.105368
4 4 0 13 -0.245579
0 0 0 14 -0.0866827
1 0 0 14 -0.150617
2 0 0 14 0.0736952
3 0 0 14 0.231796
4 0 0 14 0.128229
0 1 0 14 -0.330982
1 1 0 14 -0.193386
2 1 0 14 0.200799
3 1 0 14 0.292967
4 1 0 14 -0.0562387
0 2 0 14 0.223995
1 2 0 14 0.183487
2 2 0 14 0.059856
3 2 0 14 -0.178981
4 2 0 14 -0.144396
0 3 0 14 0.291854
1 3 0 14 0.300053
2 3 0 14 -0.152088
3 3 0 14 -0.324019
4 3 0 14 0.0329518
0 4 0 14 0.316149
1 4 0 14 -0.158919
2 4 0 14 -0.198658
3 4 0 14 0.195596
4 4 0 14 0.15223
0 0 0 15 0.282433
1 0 0 15 0.0164871
2 0 0 15 -0.24639
3 0 0 15 0.0427079
4 0 0 15 -0.0332093
0 1 0 15 0.107365
1 1 0 15 -0.103505
2 1 0 15 0.0694784
3 1 0 15 -0.182312
4 1 0 15 0.134288
0 2 0 15 -0.181045
1 2 0 15 0.132867
2 2 0 15 -0.218281
3 2 0 15 0.218755
4 2 0 15 0.075242
0 3 0 15 -0.265543
1 3 0 15 -0.278405
2 3 0 15 0.124466
3 3 0 15 -0.184231
4 3 0 15 0.306504
0 4 0 15 0.111392
1 4 0 15 -0.316523
2 4 0 15 -0.284897
3 4 0 15 0.016234
4 4 0 15 0.303321
0 0 0 16 0.199746
1 0 0 16 0.369913
2 0 0 16 0.175908
3 0 0 16 0.247459
4 0 0 16 -0.142081
0 1 0 16 -0.0207854
1 1 0 16 0.474321
2 1 0 16 0.252306
3 1 0 16 0.0577967
4 1 0 16 -0.274362
0 2 0 16 0.253772
1 2 0 16 0.292728
2 2 0 16 0.221673
3 2 0 16 0.0277096
4 2 0 16 0.0376583
0 3 0 16 0.430418
1 3 0 16 0.175344
2 3 0 16 0.209335
3 3 0 16 -0.21758
4 3 0 16 0.0177705
0 4 0 16 0.241895
1 4 0 16 0.196707
2 4 0 16 -0.370742
3 4 0 16 -0.362861
4 4 0 16 -0.251818
0 0 0 17 0.262012
1 0 0 17 0.357114
2 0 0 17 0.307026
3 0 0 17 0.27591
4 0 0 17 -0.0129336
0 1 0 17 -0.0522494
1 1 0 17 -0.106364
2 1 0 17 0.111356
3 1 0 17 -0.0835469
4 1 0 17 0.0319414
0 2 0 17 -0.144736
1 2 0 17 -0.24834
2 2 0 17 -0.134548
3 2 0 17 0.288654
4 2 0 17 0.167612
0 3 0 17 0.0470343
1 3 0 17 0.0222895
2 3 0 17 0.159136
3 3 0 17 0.0676178
4 3 0 17 0.0797833
0 4 0 17 0.0829747
1 4 0 17 -0.0108558
2 4 0 17 -0.16141
3 4 0 17 -0.0264308
4 4 0 17 0.0704178
0 0 0 18 0.0761785
1 0 0 18 -0.0279525
2 0 0 18 0.41547
3 0 0 18 0.268791
4 0 0 18 0.457065
0 1 0 18 -0.0440039
1 1 0 18 0.236234
2 1 0 18 0.0781045
3 1 0 18 0.46987
4 1 0 18 0.244747
0 2 0 18 -0.0974457
1 2 0 18 -0.154039
2 2 0 18 -0.232274
3 2 0 18 -0.261714
4 2 0 18 0.122667
0 3 0 18 -0.435317
1 3 0 18 -0.433214
2 3 0 18 -0.367708
3 3 0 18 -0.415971
4 3 0 18 -0.207862
0 4 0 18 0.0705923
1 4 0 18 -0.0250078
2 4 0 18 -0.289671
3 4 0 18 -0.347803
4 4 0 18 -0.259572
0 0 0 19 -0.0808335
1 0 0 19 -0.00727325
2 0 0 19 0.241121
3 0 0 19 0.294308
4 0 0 19 0.142546
0 1 0 19 0.157572
1 1 0 19 0.41874
2 1 0 19 0.211451
3 1 0 19 0.414641
4 1 0 19 0.366397
0 2 0 19 0.158586
1 2 0 19 0.230478
2 2 0 19 0.227408
3 2 0 19 0.155605
4 2 0 19 0.393213
0 3 0 19 -0.264578
1 3 0 19 -0.295291
2 3 0 19 -0.174789
3 3 0 19 -0.265144
4 3 0 19 -0.367397
0 4 0 19 -0.193671
1 4 0 19 -0.110319
2 4 0 19 -0.411726
3 4 0 19 -0.379566
4 4 0 19 -0.252084
